Items sold per day pfor 100 days

Items = [ 34, 67, 44, 32, 333, 45, 665, 443, 221, 33, 34, 55, 667, 87, 90, 765, 43, 32, 333, 21, 56, 43, 46, 321, 234, 55, 43, 21, 44, 89, 90, 89, 665, 44, 21, 34, 1112, 456, 44, 34, 567, 65, 78, 90, 43, 567, 432, 457,  55, 667, 87, 90, 765, 43, 32, 765, 43, 32, 333, 21, 567, 654, 33, 45, 213, 45, 78, 900, 99, 87, 65, 345, 678, 432, 456, 21, 3456, 432, 67, 77, 678, 54, 345, 67, 543,111, 234, 321, 234, 55, 66, 786, 43, 432, 456, 33, 678, 544, 89, 76]

len(Items) 
100
sum(Items)
27412

sum(Items)/len(Items)
274.12

import statistics
Items = [ 34, 67, 44, 32, 333, 45, 665, 443, 221, 33, 34, 55, 667, 87, 90, 765, 43, 32, 333, 21, 56, 43, 46, 321, 234, 55, 43, 21, 44, 89, 90, 89, 665, 44, 21, 34, 1112, 456, 44, 34, 567, 65, 78, 90, 43, 567, 432, 457,  55, 667, 87, 90, 765, 43, 32, 765, 43, 32, 333, 21, 567, 654, 33, 45, 213, 45, 78, 900, 99, 87, 65, 345, 678, 432, 456, 21, 3456, 432, 67, 77, 678, 54, 345, 67, 543,111, 234, 321, 234, 55, 66, 786, 43, 432, 456, 33, 678, 544, 89, 76]

statistics.mean(Items)
274.12

statistics.median(Items)
88.0

statistics.mode(Items)
43
